Epoch | Train Loss | Train Acc | Val Loss | Val Acc
-------------------------------------------------------
    1 |     2.3449 |    0.6331 |   2.7488 |  0.4947
    2 |     2.3053 |    0.6087 |   2.7571 |  0.4930
    3 |     2.2668 |    0.6359 |   2.7374 |  0.4963
    4 |     2.2757 |    0.6285 |   2.7365 |  0.5004
    5 |     2.3619 |    0.6195 |   2.7197 |  0.5004
    6 |     2.3007 |    0.6405 |   2.7145 |  0.4963
    7 |     2.3503 |    0.6359 |   2.7025 |  0.5029
    8 |     2.2100 |    0.6372 |   2.7006 |  0.5086
    9 |     2.2860 |    0.6385 |   2.7019 |  0.5020
   10 |     2.3457 |    0.6274 |   2.6851 |  0.5111
   11 |     2.2146 |    0.6356 |   2.6782 |  0.5143
   12 |     2.3409 |    0.6356 |   2.6907 |  0.5078
   13 |     2.1845 |    0.6559 |   2.6909 |  0.5070
   14 |     2.3402 |    0.6377 |   2.6809 |  0.5045
   15 |     2.3631 |    0.6426 |   2.6858 |  0.5053
   16 |     2.1931 |    0.6536 |   2.6712 |  0.5061
   17 |     2.1934 |    0.6513 |   2.6756 |  0.5111
   18 |     2.2951 |    0.6436 |   2.6736 |  0.5094
   19 |     2.3038 |    0.6497 |   2.6774 |  0.5127
   20 |     2.2041 |    0.6462 |   2.6682 |  0.5192
