Epoch | Train Loss | Train Acc | Val Loss | Val Acc
-------------------------------------------------------
    1 |     1.1301 |    0.9384 |   0.4970 |  0.9769
    2 |     1.1687 |    0.9374 |   0.4995 |  0.9769
    3 |     1.1544 |    0.9384 |   0.4975 |  0.9815
    4 |     1.1521 |    0.9414 |   0.5009 |  0.9815
    5 |     1.1583 |    0.9354 |   0.4973 |  0.9815
    6 |     1.1514 |    0.9505 |   0.4942 |  0.9815
    7 |     1.1338 |    0.9424 |   0.4982 |  0.9769
    8 |     1.1541 |    0.9313 |   0.4985 |  0.9861
    9 |     1.1797 |    0.9354 |   0.4954 |  0.9815
   10 |     1.1596 |    0.9354 |   0.4959 |  0.9769
   11 |     1.1569 |    0.9475 |   0.4938 |  0.9861
   12 |     1.1551 |    0.9404 |   0.4923 |  0.9815
   13 |     1.1878 |    0.9333 |   0.4927 |  0.9861
   14 |     1.1444 |    0.9505 |   0.4954 |  0.9769
   15 |     1.1495 |    0.9455 |   0.4985 |  0.9769
   16 |     1.1357 |    0.9444 |   0.4920 |  0.9815
   17 |     1.1337 |    0.9505 |   0.4914 |  0.9815
   18 |     1.1171 |    0.9475 |   0.4947 |  0.9815
   19 |     1.1376 |    0.9525 |   0.4949 |  0.9815
   20 |     1.1699 |    0.9384 |   0.4919 |  0.9815
