Epoch | Train Loss | Train Acc | Val Loss | Val Acc
-------------------------------------------------------
    1 |     2.2118 |    0.6379 |   2.6940 |  0.4808
    2 |     2.1559 |    0.6549 |   2.6894 |  0.4857
    3 |     2.2028 |    0.6592 |   2.6986 |  0.4799
    4 |     2.1467 |    0.6618 |   2.6816 |  0.4775
    5 |     2.2866 |    0.6605 |   2.6657 |  0.4865
    6 |     2.2505 |    0.6541 |   2.6780 |  0.4791
    7 |     2.2571 |    0.6521 |   2.6492 |  0.4963
    8 |     2.1891 |    0.6615 |   2.6508 |  0.4889
    9 |     2.1587 |    0.6567 |   2.6485 |  0.4939
   10 |     2.1450 |    0.6731 |   2.6487 |  0.4971
   11 |     2.2241 |    0.6738 |   2.6300 |  0.5037
   12 |     2.1275 |    0.6787 |   2.6299 |  0.5020
   13 |     2.1589 |    0.6754 |   2.6370 |  0.4980
   14 |     2.1003 |    0.6782 |   2.6354 |  0.4889
   15 |     2.1818 |    0.6710 |   2.6303 |  0.5004
   16 |     2.0955 |    0.6815 |   2.6278 |  0.4988
   17 |     2.2639 |    0.6644 |   2.6314 |  0.4963
   18 |     2.2031 |    0.6769 |   2.6247 |  0.4930
   19 |     2.0877 |    0.6818 |   2.6229 |  0.5012
   20 |     2.1866 |    0.6756 |   2.6271 |  0.4922
