Epoch | Train Loss | Train Acc | Val Loss | Val Acc
-------------------------------------------------------
    1 |     2.1732 |    0.6541 |   2.7371 |  0.4848
    2 |     2.1235 |    0.6436 |   2.7364 |  0.4865
    3 |     2.1626 |    0.6405 |   2.7318 |  0.4906
    4 |     2.3033 |    0.6485 |   2.7104 |  0.4889
    5 |     2.2035 |    0.6544 |   2.7055 |  0.4971
    6 |     2.1824 |    0.6464 |   2.7065 |  0.5029
    7 |     2.2094 |    0.6733 |   2.6987 |  0.5012
    8 |     2.1430 |    0.6674 |   2.6839 |  0.5020
    9 |     2.2162 |    0.6621 |   2.6857 |  0.5070
   10 |     2.1358 |    0.6659 |   2.6774 |  0.5053
   11 |     2.0821 |    0.6754 |   2.6713 |  0.5053
   12 |     2.1074 |    0.6649 |   2.6676 |  0.5086
   13 |     2.1188 |    0.6672 |   2.6725 |  0.5053
   14 |     2.1851 |    0.6667 |   2.6710 |  0.5061
   15 |     2.0287 |    0.6797 |   2.6606 |  0.5152
   16 |     2.0888 |    0.6805 |   2.6586 |  0.5102
   17 |     2.1275 |    0.6708 |   2.6591 |  0.5078
   18 |     2.1552 |    0.6738 |   2.6661 |  0.5037
   19 |     2.0586 |    0.6769 |   2.6612 |  0.5102
   20 |     2.1471 |    0.6608 |   2.6562 |  0.5094
