Epoch | Train Loss | Train Acc | Val Loss | Val Acc
-------------------------------------------------------
    1 |     5.2796 |    0.0048 |   5.2764 |  0.0025
    2 |     5.2673 |    0.0075 |   5.2626 |  0.0115
    3 |     5.2441 |    0.0137 |   5.2249 |  0.0106
    4 |     5.1890 |    0.0207 |   5.1724 |  0.0254
    5 |     5.1318 |    0.0345 |   5.0969 |  0.0467
    6 |     5.0518 |    0.0638 |   4.9962 |  0.0672
    7 |     4.9585 |    0.0919 |   4.8549 |  0.0794
    8 |     4.8408 |    0.1141 |   4.7025 |  0.0909
    9 |     4.7207 |    0.1275 |   4.5630 |  0.1237
   10 |     4.5998 |    0.1541 |   4.4136 |  0.1433
   11 |     4.4825 |    0.1709 |   4.2910 |  0.1622
   12 |     4.3766 |    0.1813 |   4.1721 |  0.1843
   13 |     4.2639 |    0.1979 |   4.0581 |  0.1925
   14 |     4.1823 |    0.2129 |   3.9621 |  0.2138
   15 |     4.0876 |    0.2318 |   3.8622 |  0.2293
   16 |     4.0055 |    0.2464 |   3.7821 |  0.2482
   17 |     3.9195 |    0.2632 |   3.6887 |  0.2670
   18 |     3.8516 |    0.2766 |   3.6013 |  0.2826
   19 |     3.7760 |    0.2911 |   3.5276 |  0.2940
   20 |     3.6984 |    0.3114 |   3.4434 |  0.3170
   21 |     3.6293 |    0.3289 |   3.3813 |  0.3366
   22 |     3.5608 |    0.3432 |   3.3138 |  0.3505
   23 |     3.5047 |    0.3565 |   3.2582 |  0.3546
   24 |     3.4438 |    0.3688 |   3.2280 |  0.3563
   25 |     3.3998 |    0.3779 |   3.1445 |  0.3841
   26 |     3.3313 |    0.3909 |   3.0971 |  0.3833
   27 |     3.2826 |    0.4121 |   3.0554 |  0.3972
   28 |     3.2296 |    0.4203 |   2.9882 |  0.4087
   29 |     3.1965 |    0.4224 |   2.9490 |  0.4275
   30 |     3.1350 |    0.4479 |   2.9008 |  0.4406
   31 |     3.0842 |    0.4547 |   2.8659 |  0.4513
   32 |     3.0539 |    0.4608 |   2.8078 |  0.4660
   33 |     3.0186 |    0.4710 |   2.7767 |  0.4865
   34 |     2.9602 |    0.4888 |   2.7333 |  0.4889
   35 |     2.9461 |    0.4855 |   2.6899 |  0.5061
   36 |     2.8891 |    0.5007 |   2.6584 |  0.5037
   37 |     2.8676 |    0.5090 |   2.6261 |  0.5201
   38 |     2.8336 |    0.5216 |   2.5918 |  0.5315
   39 |     2.8004 |    0.5265 |   2.5562 |  0.5405
   40 |     2.7592 |    0.5327 |   2.5476 |  0.5364
   41 |     2.7296 |    0.5399 |   2.4980 |  0.5594
   42 |     2.7121 |    0.5404 |   2.4902 |  0.5569
   43 |     2.6708 |    0.5654 |   2.4487 |  0.5766
   44 |     2.6448 |    0.5633 |   2.4293 |  0.5708
   45 |     2.6134 |    0.5713 |   2.3861 |  0.5954
   46 |     2.6025 |    0.5802 |   2.3797 |  0.5995
   47 |     2.5603 |    0.5854 |   2.3585 |  0.6036
   48 |     2.5568 |    0.5943 |   2.3370 |  0.6069
   49 |     2.5216 |    0.5973 |   2.3144 |  0.6110
   50 |     2.4891 |    0.6088 |   2.2825 |  0.6208
   51 |     2.4778 |    0.6096 |   2.2693 |  0.6257
   52 |     2.4505 |    0.6283 |   2.2436 |  0.6396
   53 |     2.4232 |    0.6309 |   2.2579 |  0.6200
   54 |     2.3982 |    0.6324 |   2.2171 |  0.6437
   55 |     2.4221 |    0.6203 |   2.2020 |  0.6544
   56 |     2.3655 |    0.6473 |   2.1949 |  0.6421
   57 |     2.3508 |    0.6487 |   2.1866 |  0.6618
   58 |     2.3229 |    0.6564 |   2.1675 |  0.6560
   59 |     2.3139 |    0.6568 |   2.1430 |  0.6699
   60 |     2.2972 |    0.6616 |   2.1257 |  0.6691
   61 |     2.2935 |    0.6633 |   2.1164 |  0.6675
   62 |     2.2697 |    0.6695 |   2.1078 |  0.6699
   63 |     2.2603 |    0.6694 |   2.0916 |  0.6724
   64 |     2.2571 |    0.6688 |   2.0893 |  0.6732
   65 |     2.2480 |    0.6788 |   2.0823 |  0.6699
   66 |     2.2081 |    0.6890 |   2.0713 |  0.6806
   67 |     2.2068 |    0.6853 |   2.0542 |  0.6863
   68 |     2.1812 |    0.6919 |   2.0409 |  0.6937
   69 |     2.1791 |    0.6972 |   2.0336 |  0.7035
   70 |     2.1748 |    0.6964 |   2.0229 |  0.7043
   71 |     2.1594 |    0.6996 |   2.0274 |  0.6970
   72 |     2.1470 |    0.7065 |   2.0064 |  0.7019
   73 |     2.1433 |    0.7059 |   1.9992 |  0.6937
   74 |     2.1261 |    0.7124 |   1.9952 |  0.7101
   75 |     2.1098 |    0.7169 |   1.9954 |  0.7011
   76 |     2.1127 |    0.7098 |   1.9772 |  0.7174
   77 |     2.0967 |    0.7193 |   1.9720 |  0.7133
   78 |     2.0788 |    0.7251 |   1.9633 |  0.7166
   79 |     2.0638 |    0.7230 |   1.9682 |  0.7166
   80 |     2.0680 |    0.7276 |   1.9535 |  0.7240
   81 |     2.0395 |    0.7368 |   1.9555 |  0.7125
   82 |     2.0436 |    0.7342 |   1.9417 |  0.7166
   83 |     2.0325 |    0.7377 |   1.9375 |  0.7281
   84 |     2.0029 |    0.7440 |   1.9272 |  0.7232
   85 |     2.0139 |    0.7412 |   1.9203 |  0.7346
   86 |     1.9916 |    0.7481 |   1.9134 |  0.7404
   87 |     2.0157 |    0.7397 |   1.9119 |  0.7322
   88 |     1.9891 |    0.7481 |   1.9092 |  0.7314
   89 |     1.9760 |    0.7544 |   1.8970 |  0.7379
   90 |     1.9785 |    0.7543 |   1.8929 |  0.7428
   91 |     1.9696 |    0.7552 |   1.8952 |  0.7322
   92 |     1.9598 |    0.7595 |   1.8900 |  0.7461
   93 |     1.9623 |    0.7576 |   1.8794 |  0.7494
   94 |     1.9533 |    0.7630 |   1.8758 |  0.7502
   95 |     1.9302 |    0.7702 |   1.8763 |  0.7518
   96 |     1.9178 |    0.7728 |   1.8626 |  0.7510
   97 |     1.9291 |    0.7661 |   1.8687 |  0.7428
   98 |     1.9484 |    0.7576 |   1.8642 |  0.7477
   99 |     1.9277 |    0.7615 |   1.8564 |  0.7559
  100 |     1.9169 |    0.7716 |   1.8450 |  0.7625
  101 |     1.9304 |    0.7643 |   1.8609 |  0.7543
  102 |     1.9022 |    0.7741 |   1.8433 |  0.7559
  103 |     1.8809 |    0.7765 |   1.8299 |  0.7617
  104 |     1.8982 |    0.7735 |   1.8277 |  0.7576
  105 |     1.8793 |    0.7781 |   1.8357 |  0.7600
  106 |     1.8687 |    0.7880 |   1.8328 |  0.7543
  107 |     1.8800 |    0.7793 |   1.8234 |  0.7592
  108 |     1.8767 |    0.7816 |   1.8189 |  0.7625
  109 |     1.8771 |    0.7770 |   1.8199 |  0.7666
  110 |     1.8789 |    0.7774 |   1.8230 |  0.7568
  111 |     1.8636 |    0.7819 |   1.8145 |  0.7658
  112 |     1.8487 |    0.7882 |   1.8169 |  0.7649
  113 |     1.8444 |    0.7943 |   1.8153 |  0.7658
  114 |     1.8529 |    0.7865 |   1.8080 |  0.7666
  115 |     1.8441 |    0.7893 |   1.8114 |  0.7617
  116 |     1.8605 |    0.7868 |   1.8062 |  0.7666
  117 |     1.8330 |    0.7923 |   1.8022 |  0.7731
  118 |     1.8216 |    0.7937 |   1.8084 |  0.7690
  119 |     1.8007 |    0.8004 |   1.8043 |  0.7674
  120 |     1.8318 |    0.7949 |   1.7921 |  0.7756
  121 |     1.8147 |    0.8060 |   1.7978 |  0.7690
  122 |     1.8005 |    0.8060 |   1.7929 |  0.7699
  123 |     1.8136 |    0.7959 |   1.7829 |  0.7731
  124 |     1.8004 |    0.8040 |   1.7873 |  0.7781
  125 |     1.8287 |    0.7906 |   1.7809 |  0.7756
  126 |     1.8082 |    0.8014 |   1.7802 |  0.7740
  127 |     1.8173 |    0.8011 |   1.7855 |  0.7723
  128 |     1.7967 |    0.8005 |   1.7732 |  0.7813
  129 |     1.8105 |    0.8004 |   1.7678 |  0.7854
  130 |     1.7839 |    0.8079 |   1.7770 |  0.7772
  131 |     1.8068 |    0.8004 |   1.7753 |  0.7797
  132 |     1.8124 |    0.8004 |   1.7699 |  0.7821
  133 |     1.7773 |    0.8085 |   1.7650 |  0.7764
  134 |     1.7890 |    0.8105 |   1.7712 |  0.7756
  135 |     1.7726 |    0.8128 |   1.7683 |  0.7797
  136 |     1.8002 |    0.8033 |   1.7704 |  0.7731
  137 |     1.7889 |    0.8056 |   1.7677 |  0.7748
  138 |     1.7975 |    0.8063 |   1.7725 |  0.7813
  139 |     1.7970 |    0.7997 |   1.7625 |  0.7764
  140 |     1.7862 |    0.8062 |   1.7617 |  0.7838
  141 |     1.7744 |    0.8101 |   1.7602 |  0.7797
  142 |     1.7690 |    0.8080 |   1.7613 |  0.7797
  143 |     1.7834 |    0.8089 |   1.7557 |  0.7887
  144 |     1.7717 |    0.8124 |   1.7494 |  0.7879
  145 |     1.7659 |    0.8095 |   1.7525 |  0.7862
  146 |     1.7670 |    0.8140 |   1.7487 |  0.7887
  147 |     1.7536 |    0.8206 |   1.7492 |  0.7879
  148 |     1.7660 |    0.8132 |   1.7521 |  0.7838
  149 |     1.7511 |    0.8187 |   1.7508 |  0.7838
  150 |     1.7663 |    0.8145 |   1.7567 |  0.7846
  151 |     1.7537 |    0.8125 |   1.7495 |  0.7797
  152 |     1.7427 |    0.8187 |   1.7482 |  0.7821
  153 |     1.7391 |    0.8202 |   1.7498 |  0.7862
  154 |     1.7451 |    0.8190 |   1.7613 |  0.7764
  155 |     1.7563 |    0.8135 |   1.7441 |  0.7871
  156 |     1.7630 |    0.8101 |   1.7478 |  0.7797
  157 |     1.7504 |    0.8207 |   1.7470 |  0.7797
  158 |     1.7467 |    0.8148 |   1.7425 |  0.7821
  159 |     1.7350 |    0.8218 |   1.7452 |  0.7854
  160 |     1.7411 |    0.8199 |   1.7507 |  0.7772
  161 |     1.7342 |    0.8255 |   1.7476 |  0.7854
  162 |     1.7423 |    0.8248 |   1.7423 |  0.7838
  163 |     1.7647 |    0.8134 |   1.7444 |  0.7871
  164 |     1.7423 |    0.8166 |   1.7413 |  0.7887
  165 |     1.7182 |    0.8257 |   1.7398 |  0.7838
  166 |     1.7364 |    0.8218 |   1.7490 |  0.7797
  167 |     1.7387 |    0.8231 |   1.7439 |  0.7854
  168 |     1.7464 |    0.8131 |   1.7476 |  0.7871
  169 |     1.7424 |    0.8206 |   1.7422 |  0.7862
  170 |     1.7348 |    0.8205 |   1.7453 |  0.7846
  171 |     1.7134 |    0.8265 |   1.7340 |  0.7862
  172 |     1.7259 |    0.8235 |   1.7454 |  0.7838
  173 |     1.7346 |    0.8222 |   1.7320 |  0.7903
  174 |     1.7252 |    0.8194 |   1.7408 |  0.7912
  175 |     1.7348 |    0.8241 |   1.7488 |  0.7862
  176 |     1.7469 |    0.8114 |   1.7343 |  0.7912
  177 |     1.7399 |    0.8199 |   1.7375 |  0.7854
  178 |     1.7431 |    0.8179 |   1.7386 |  0.7862
  179 |     1.7342 |    0.8242 |   1.7339 |  0.7871
  180 |     1.7456 |    0.8189 |   1.7428 |  0.7862
  181 |     1.7400 |    0.8141 |   1.7345 |  0.7887
  182 |     1.7252 |    0.8249 |   1.7551 |  0.7805
  183 |     1.7595 |    0.8140 |   1.7378 |  0.7871
  184 |     1.7212 |    0.8270 |   1.7343 |  0.7903
  185 |     1.7522 |    0.8189 |   1.7350 |  0.7871
  186 |     1.7092 |    0.8309 |   1.7279 |  0.7944
  187 |     1.7427 |    0.8207 |   1.7377 |  0.7821
  188 |     1.7429 |    0.8160 |   1.7420 |  0.7887
  189 |     1.7258 |    0.8271 |   1.7361 |  0.7871
  190 |     1.7303 |    0.8209 |   1.7439 |  0.7862
  191 |     1.7251 |    0.8232 |   1.7459 |  0.7846
  192 |     1.7355 |    0.8187 |   1.7330 |  0.7887
  193 |     1.7361 |    0.8232 |   1.7344 |  0.7895
  194 |     1.7340 |    0.8241 |   1.7419 |  0.7854
  195 |     1.7288 |    0.8249 |   1.7280 |  0.7879
  196 |     1.7176 |    0.8293 |   1.7332 |  0.7936
  197 |     1.7307 |    0.8194 |   1.7413 |  0.7854
  198 |     1.7401 |    0.8173 |   1.7303 |  0.7887
  199 |     1.7362 |    0.8153 |   1.7246 |  0.7912
  200 |     1.7281 |    0.8220 |   1.7353 |  0.7854
  201 |     1.7221 |    0.8231 |   1.7306 |  0.7912
  202 |     1.7216 |    0.8242 |   1.7370 |  0.7871
  203 |     1.7149 |    0.8255 |   1.7369 |  0.7879
  204 |     1.7159 |    0.8257 |   1.7332 |  0.7879
