Epoch | Train Loss | Train Acc | Val Loss | Val Acc
-------------------------------------------------------
    1 |     1.1499 |    0.9424 |   0.4775 |  0.9861
    2 |     1.1587 |    0.9424 |   0.4787 |  0.9907
    3 |     1.1366 |    0.9525 |   0.4712 |  0.9954
    4 |     1.1479 |    0.9495 |   0.4786 |  0.9907
    5 |     1.1338 |    0.9545 |   0.4691 |  0.9954
    6 |     1.1504 |    0.9475 |   0.4775 |  0.9907
    7 |     1.1491 |    0.9495 |   0.4770 |  0.9861
    8 |     1.1444 |    0.9505 |   0.4756 |  0.9861
    9 |     1.1357 |    0.9465 |   0.4737 |  0.9954
   10 |     1.1225 |    0.9576 |   0.4721 |  0.9954
   11 |     1.1357 |    0.9545 |   0.4708 |  0.9907
   12 |     1.1242 |    0.9485 |   0.4748 |  0.9907
   13 |     1.1370 |    0.9455 |   0.4681 |  0.9954
   14 |     1.1358 |    0.9556 |   0.4688 |  0.9954
   15 |     1.1360 |    0.9505 |   0.4746 |  0.9861
   16 |     1.1438 |    0.9535 |   0.4696 |  0.9907
   17 |     1.1358 |    0.9485 |   0.4693 |  0.9954
   18 |     1.1467 |    0.9455 |   0.4748 |  0.9861
   19 |     1.1505 |    0.9414 |   0.4738 |  0.9954
   20 |     1.1262 |    0.9576 |   0.4695 |  0.9954
