Epoch | Train Loss | Train Acc | Val Loss | Val Acc
-------------------------------------------------------
    1 |     1.1333 |    0.9475 |   0.4769 |  0.9907
    2 |     1.1299 |    0.9505 |   0.4776 |  0.9907
    3 |     1.1552 |    0.9475 |   0.4757 |  0.9907
    4 |     1.1630 |    0.9465 |   0.4797 |  0.9907
    5 |     1.1809 |    0.9505 |   0.4746 |  0.9861
    6 |     1.1696 |    0.9364 |   0.4814 |  0.9861
    7 |     1.1288 |    0.9616 |   0.4790 |  0.9954
    8 |     1.1246 |    0.9566 |   0.4797 |  0.9861
    9 |     1.1280 |    0.9576 |   0.4799 |  0.9861
   10 |     1.1328 |    0.9535 |   0.4759 |  0.9815
   11 |     1.1658 |    0.9475 |   0.4771 |  0.9861
   12 |     1.1338 |    0.9465 |   0.4726 |  0.9954
   13 |     1.1338 |    0.9424 |   0.4741 |  0.9907
   14 |     1.1160 |    0.9596 |   0.4753 |  0.9954
   15 |     1.1304 |    0.9495 |   0.4707 |  0.9954
   16 |     1.1132 |    0.9515 |   0.4719 |  0.9954
   17 |     1.1435 |    0.9556 |   0.4714 |  0.9954
   18 |     1.1196 |    0.9576 |   0.4728 |  0.9907
   19 |     1.1392 |    0.9525 |   0.4732 |  0.9861
   20 |     1.1247 |    0.9485 |   0.4728 |  0.9954
