Epoch | Train Loss | Train Acc | Val Loss | Val Acc
-------------------------------------------------------
    1 |     1.1034 |    0.9576 |   0.4741 |  0.9861
    2 |     1.1139 |    0.9606 |   0.4751 |  0.9861
    3 |     1.1660 |    0.9434 |   0.4742 |  0.9815
    4 |     1.1462 |    0.9525 |   0.4753 |  0.9861
    5 |     1.1292 |    0.9545 |   0.4738 |  0.9815
    6 |     1.1122 |    0.9545 |   0.4776 |  0.9815
    7 |     1.1464 |    0.9465 |   0.4795 |  0.9861
    8 |     1.1635 |    0.9434 |   0.4758 |  0.9861
    9 |     1.1177 |    0.9616 |   0.4735 |  0.9861
   10 |     1.1411 |    0.9505 |   0.4751 |  0.9815
   11 |     1.1318 |    0.9505 |   0.4742 |  0.9907
   12 |     1.0876 |    0.9677 |   0.4756 |  0.9907
   13 |     1.1469 |    0.9465 |   0.4747 |  0.9861
   14 |     1.1170 |    0.9596 |   0.4768 |  0.9861
   15 |     1.1084 |    0.9606 |   0.4750 |  0.9861
   16 |     1.1315 |    0.9556 |   0.4745 |  0.9861
   17 |     1.1128 |    0.9515 |   0.4758 |  0.9861
   18 |     1.1277 |    0.9636 |   0.4711 |  0.9861
   19 |     1.1318 |    0.9475 |   0.4753 |  0.9861
   20 |     1.1000 |    0.9667 |   0.4715 |  0.9861
