Epoch | Train Loss | Train Acc | Val Loss | Val Acc
-------------------------------------------------------
    1 |     1.1129 |    0.9636 |   0.4875 |  0.9861
    2 |     1.1229 |    0.9515 |   0.4867 |  0.9815
    3 |     1.1367 |    0.9566 |   0.4844 |  0.9861
    4 |     1.1513 |    0.9505 |   0.4805 |  0.9907
    5 |     1.1260 |    0.9465 |   0.4770 |  0.9954
    6 |     1.1448 |    0.9525 |   0.4831 |  0.9907
    7 |     1.1210 |    0.9515 |   0.4774 |  0.9907
    8 |     1.1698 |    0.9374 |   0.4781 |  0.9861
    9 |     1.1151 |    0.9485 |   0.4818 |  0.9861
   10 |     1.1304 |    0.9556 |   0.4755 |  0.9907
   11 |     1.1164 |    0.9556 |   0.4795 |  0.9861
   12 |     1.1179 |    0.9677 |   0.4765 |  0.9907
   13 |     1.1125 |    0.9525 |   0.4773 |  0.9907
   14 |     1.1284 |    0.9475 |   0.4796 |  0.9861
   15 |     1.1007 |    0.9566 |   0.4795 |  0.9861
   16 |     1.0817 |    0.9646 |   0.4770 |  0.9861
   17 |     1.1091 |    0.9505 |   0.4757 |  0.9907
   18 |     1.1294 |    0.9545 |   0.4758 |  0.9861
   19 |     1.1402 |    0.9444 |   0.4755 |  0.9907
   20 |     1.1253 |    0.9525 |   0.4788 |  0.9861
