Epoch | Train Loss | Train Acc | Val Loss | Val Acc
-------------------------------------------------------
    1 |     2.4599 |    0.1291 |   1.7967 |  0.1574
    2 |     2.2491 |    0.2149 |   1.7537 |  0.2824
    3 |     2.0377 |    0.3219 |   1.6893 |  0.6528
    4 |     1.9176 |    0.4918 |   1.6392 |  0.7315
    5 |     1.8977 |    0.5833 |   1.5996 |  0.8333
    6 |     1.8116 |    0.6765 |   1.5363 |  0.8611
    7 |     1.7884 |    0.7304 |   1.4973 |  0.8657
    8 |     1.7470 |    0.8064 |   1.4652 |  0.8796
    9 |     1.6828 |    0.8350 |   1.4190 |  0.8796
   10 |     1.6846 |    0.8113 |   1.3557 |  0.8843
   11 |     1.6226 |    0.8570 |   1.3442 |  0.8981
   12 |     1.6303 |    0.8497 |   1.3010 |  0.8981
   13 |     1.6171 |    0.8611 |   1.2691 |  0.8981
   14 |     1.5842 |    0.8668 |   1.2259 |  0.8981
   15 |     1.5777 |    0.8529 |   1.2078 |  0.8843
   16 |     1.5594 |    0.8709 |   1.1888 |  0.8796
   17 |     1.5615 |    0.8587 |   1.1713 |  0.8889
   18 |     1.5429 |    0.8758 |   1.1508 |  0.8889
   19 |     1.5170 |    0.8717 |   1.1517 |  0.9028
   20 |     1.5296 |    0.8758 |   1.1508 |  0.8981
