Epoch | Train Loss | Train Acc | Val Loss | Val Acc
-------------------------------------------------------
    1 |     2.2573 |    0.6451 |   2.7043 |  0.5053
    2 |     2.2101 |    0.6487 |   2.7042 |  0.4865
    3 |     2.2224 |    0.6574 |   2.7041 |  0.4889
    4 |     2.2073 |    0.6492 |   2.6954 |  0.4906
    5 |     2.2153 |    0.6577 |   2.6780 |  0.5070
    6 |     2.1785 |    0.6585 |   2.6732 |  0.5102
    7 |     2.2440 |    0.6508 |   2.6620 |  0.5070
    8 |     2.2967 |    0.6574 |   2.6752 |  0.4914
    9 |     2.2551 |    0.6585 |   2.6663 |  0.5012
   10 |     2.1431 |    0.6656 |   2.6465 |  0.5184
   11 |     2.2736 |    0.6592 |   2.6524 |  0.5094
   12 |     2.1646 |    0.6551 |   2.6392 |  0.5168
   13 |     2.2459 |    0.6677 |   2.6441 |  0.5184
   14 |     2.2444 |    0.6677 |   2.6336 |  0.5168
   15 |     2.1882 |    0.6749 |   2.6582 |  0.5012
   16 |     2.1806 |    0.6718 |   2.6361 |  0.5135
   17 |     2.1191 |    0.6774 |   2.6393 |  0.5127
   18 |     2.2329 |    0.6800 |   2.6431 |  0.5094
   19 |     2.1399 |    0.6728 |   2.6330 |  0.5119
   20 |     2.1185 |    0.6664 |   2.6371 |  0.5094
