Epoch | Train Loss | Train Acc | Val Loss | Val Acc
-------------------------------------------------------
    1 |     2.6866 |    0.5320 |   3.5158 |  0.2711
    2 |     2.5137 |    0.5428 |   3.5153 |  0.2727
    3 |     2.5958 |    0.5220 |   3.4931 |  0.2817
    4 |     2.7619 |    0.5336 |   3.4975 |  0.2834
    5 |     2.6388 |    0.5228 |   3.4913 |  0.2793
    6 |     2.6728 |    0.5312 |   3.4852 |  0.2891
    7 |     2.5716 |    0.5280 |   3.4761 |  0.2785
    8 |     2.6473 |    0.5544 |   3.4454 |  0.2940
    9 |     2.6701 |    0.5516 |   3.4573 |  0.2957
   10 |     2.6446 |    0.5540 |   3.4392 |  0.2965
   11 |     2.6648 |    0.5572 |   3.4287 |  0.2998
   12 |     2.5341 |    0.5448 |   3.4382 |  0.3079
   13 |     2.5296 |    0.5536 |   3.4416 |  0.2957
   14 |     2.5044 |    0.5620 |   3.4159 |  0.2981
   15 |     2.4654 |    0.5488 |   3.4186 |  0.2940
   16 |     2.3964 |    0.5512 |   3.4030 |  0.3055
   17 |     2.4921 |    0.5664 |   3.3928 |  0.3153
   18 |     2.5259 |    0.5700 |   3.3922 |  0.3137
   19 |     2.6366 |    0.5604 |   3.3819 |  0.3153
   20 |     2.3506 |    0.5636 |   3.3798 |  0.3227
   21 |     2.6369 |    0.5724 |   3.3898 |  0.3088
